1.93068205	1.8659	1.924365213
1.782867294	1.7903	1.804166496
1.56123635	1.6279	1.605683671
1.338100034	1.4309	1.391859872
1.182799705	1.2606	1.227756122
1.141393877	1.1682	1.161792869
1.228606369	1.1834	1.215869562
1.429919996	1.311	1.383960397
1.707185267	1.5318	1.635088326
2.004156365	1.8058	1.91821366
2.254401392	2.0773	2.170467662
2.395688923	2.2859	2.331071902
2.389563142	2.3824	2.359238365
2.237332203	2.3454	2.248865493
1.98201812	2.1889	2.031685571
1.693009911	1.9571	1.765983943
1.441035102	1.7076	1.51637173
1.276651972	1.4938	1.33472855
1.221258308	1.352	1.249827359
1.269741452	1.2982	1.266091244
1.397209737	1.3292	1.366798073
1.563997455	1.4247	1.517816464
1.720191062	1.5494	1.672589332
1.815102852	1.6595	1.781793279
1.813411169	1.7146	1.808261778
1.711375011	1.6929	1.741677743
1.542155352	1.6008	1.604387497
1.364279698	1.4704	1.443471254
1.238400648	1.3471	1.312614997
1.205407869	1.272	1.253559413
1.276869583	1.2705	1.285847007
1.438803632	1.3496	1.406556288
1.660926517	1.5003	1.595145769
1.903259153	1.7007	1.817929799
2.119265235	1.9175	2.031541938
2.261332201	2.1091	2.189214039
2.293131846	2.2341	2.252603225
2.205171357	2.2648	2.205872272
2.023015605	2.1982	2.063777286
1.799849141	2.0568	1.86719091
1.595504853	1.8796	1.667312108
1.45399938	1.7061	1.507394839
1.392210553	1.565	1.411688053
1.403138531	1.4709	1.38488785
1.466533073	1.4276	1.417660568
1.556851932	1.4305	1.491470228
1.645136195	1.4674	1.580345582
1.700052736	1.5175	1.653163379
1.695016185	1.5551	1.681031619
1.621148497	1.5595	1.649090955
1.497111419	1.5248	1.5657121
1.365826473	1.4645	1.461365021
1.27691123	1.4046	1.375966959
1.264900937	1.3716	1.34194417
1.336837357	1.3811	1.373150379
1.475282151	1.4356	1.464630129
1.650995441	1.5291	1.599743795
1.833913675	1.6517	1.756954922
1.996079008	1.7907	1.911908611
2.110135528	1.9281	2.037335351
2.151789228	2.0407	2.106565698
2.10951506	2.1061	2.102634676
1.995059528	2.1123	2.027867324
1.844052325	2.0637	1.905773912
1.702344893	1.9782	1.771721599
1.605365483	1.8774	1.657484021
1.56413192	1.7766	1.57964994
1.566510785	1.6823	1.538498722
1.590244528	1.5967	1.525377947
1.616005072	1.5233	1.530607146
1.631367883	1.4679	1.545646121
1.626910842	1.4342	1.560476076
1.59333997	1.4192	1.562502268
1.52623793	1.4143	1.541488896
1.435322743	1.4117	1.497945366
1.347997622	1.4113	1.4472107
1.300090069	1.4204	1.413751606
1.317709	1.4475	1.418262114
1.4028586	1.4941	1.466638884
1.53339473	1.5531	1.548656542
1.6765837	1.6139	1.646170199
1.805077394	1.6707	1.743190339
1.903845977	1.7251	1.829908574
1.966227714	1.782	1.899544606
1.987311842	1.8424	1.943975653
1.96385546	1.9002	1.954677872
1.901361298	1.9461	1.929214054
1.819689335	1.9734	1.876750009
1.748191976	1.9818	1.815774543
1.710718803	1.9727	1.763982127
1.711137822	1.9443	1.727819394
1.731187626	1.8897	1.700208074
1.74287476	1.8023	1.668211554
1.725797831	1.6845	1.624010029
1.676435117	1.5518	1.570184682
1.604383424	1.4282	1.516003956
1.522095949	1.3357	1.469634001
1.439038447	1.2868	1.434208945
1.364724711	1.283	1.410901126
1.314651733	1.3197	1.404486638
1.309313584	1.3901	1.42405132
1.363237277	1.4846	1.476326335
1.471849918	1.5881	1.557001911
1.608180386	1.6793	1.648481166
1.734304496	1.7377	1.727567561
1.82019292	1.7536	1.777921404
1.856407044	1.7343	1.797791903
1.852591839	1.7016	1.797577516
1.825752309	1.6809	1.790423884
1.78977506	1.6896	1.784347652
1.754074702	1.7323	1.781636927
1.728740472	1.8025	1.783553198
1.72671938	1.8878	1.793306281
1.757136616	1.972	1.81275695
1.814203135	2.0344	1.835715386
1.87285194	2.0512	1.845536942
1.898169334	2.0018	1.821872187
1.864069268	1.8798	1.753236103
1.768144445	1.7009	1.646155771
1.632221904	1.5005	1.523724513
1.489608464	1.3226	1.414734788
1.369951154	1.2041	1.341669636
1.292337132	1.1655	1.315453708
1.267777358	1.2084	1.337836526
1.303142041	1.3198	1.405565206
1.398705063	1.4762	1.510429515
1.540234277	1.6455	1.635479121
1.694901703	1.7904	1.7536523
1.81935199	1.8762	1.834401284
1.878214873	1.8829	1.856810784
1.861352645	1.8149	1.820782652
1.787715534	1.7021	1.747868455
1.693615195	1.589	1.670704894
1.614748802	1.5177	1.618339498
1.574320068	1.5147	1.606763574
1.582097039	1.5849	1.638332599
1.638937479	1.7144	1.706101932
1.738072052	1.8749	1.796585343
1.860823242	2.0289	1.888887746
1.973422794	2.1347	1.954504371
2.0335603	2.1547	1.963443229
2.007539614	2.0681	1.896843292
1.888421853	1.8822	1.758988312
1.702380513	1.6343	1.579742557
1.498216411	1.3817	1.404340394
1.327080094	1.184	1.276318965
1.225427482	1.0847	1.223592267
1.209356619	1.1014	1.253899333
1.277993127	1.2252	1.358027127
1.41750456	1.4257	1.514581751
1.600779835	1.6573	1.692365067
1.786388274	1.8667	1.85240523
1.924715703	2.0032	1.954645918
1.974106397	2.0323	1.970679642
1.919796946	1.9485	1.89694349
1.78311931	1.7805	1.759427084
1.613587351	1.5828	1.60510979
1.468185702	1.4183	1.484049546
1.390479673	1.3375	1.432007259
1.400235572	1.3653	1.461852572
1.494600999	1.4967	1.564721948
1.653744251	1.701	1.71572999
1.84422677	1.9296	1.879056094
2.020639247	2.1245	2.012226662
2.131819099	2.2309	2.073391597
2.13563298	2.2106	2.033666981
2.017549204	2.0565	1.890521398
1.801556408	1.7985	1.67385546
1.544526406	1.4979	1.438824419
1.315616977	1.2292	1.247429972
1.172093493	1.0578	1.148044282
1.143908972	1.0225	1.162500255
1.231377957	1.1279	1.28424212
1.410984987	1.3459	1.483968803
1.641858116	1.6241	1.717092989
1.870675373	1.8964	1.930844463
2.039128597	2.0965	2.073184126
2.098155494	2.1735	2.105634447
2.026237129	2.1074	2.01729196
1.841890363	1.9176	1.832582971
1.600744808	1.6595	1.606155161
1.376341761	1.4081	1.405155215
1.23417699	1.2349	1.286849887
1.211989437	1.1876	1.281900128
1.313445788	1.279	1.388989332
1.512880196	1.486	1.579240805
1.763875022	1.7571	1.804991736
2.007324926	2.0243	2.009249137
2.180669637	2.217	2.136230609
2.2319142	2.2797	2.144597078
2.137238115	2.1875	2.02156836
1.914128409	1.9568	1.791572667
1.620510824	1.6432	1.512707542
1.337124582	1.3266	1.259846258
1.14056962	1.0886	1.100936083
1.079842895	0.9885	1.076857537
1.165650274	1.0499	1.192281977
1.372904701	1.256	1.41807959
1.650296363	1.5562	1.700702931
1.931263039	1.8779	1.973949233
2.145687791	2.1421	2.171802471
2.234688058	2.2821	2.243002573
2.16805381	2.2611	2.165934391
1.957937005	2.0842	1.958466777
1.65989977	1.7993	1.676249678
1.357314495	1.4841	1.397273722
1.134495306	1.2234	1.197793619
1.050524735	1.0857	1.129534783
1.124395578	1.1046	1.20678995
1.334421033	1.2732	1.40595681
1.627488125	1.547	1.674255923
1.932046976	1.8554	1.942769157
2.172224265	2.118	2.141133028
2.283827652	2.2638	2.213378943
2.231851736	2.2502	2.133467941
2.024394157	2.0759	1.915911953
1.715041132	1.7844	1.615449837
1.389123618	1.4519	1.312988064
1.137500308	1.1669	1.09164228
1.028608066	1.0046	1.012046556
1.089968259	1.0077	1.09615245
1.304173152	1.1765	1.323745392
1.616873569	1.4706	1.639930499
1.950989602	1.8188	1.969014295
2.223198379	2.1356	2.231178451
2.361811736	2.3415	2.360245915
2.325101941	2.383	2.320625627
2.11573219	2.2484	2.119202772
1.784299425	1.9722	1.806585221
1.417298774	1.6262	1.464626569
1.111903264	1.2999	1.18305433
0.946992016	1.0754	1.033499502
0.961574681	1.0061	1.050310908
1.147107975	1.1046	1.22365048
1.453136934	1.3413	1.504648162
1.801403535	1.6524	1.818788757
2.103873539	1.9554	2.08354296
2.282421619	2.169	2.22759148
2.288348087	2.2349	2.209083608
2.117572615	2.1336	2.028729528
1.815228129	1.892	1.732446426
1.465165964	1.5759	1.400388032
1.165994266	1.2721	1.124479281
1.001932989	1.0636	0.981934907
1.019196959	1.0081	1.013986847
1.215233102	1.1241	1.216122324
1.5418243	1.3866	1.540914165
1.918395734	1.7341	1.910564874
2.251012243	2.0825	2.235247037
2.453895494	2.345	2.433962211
2.47066603	2.4545	2.454664229
2.290848851	2.3819	2.289146226
1.955658431	2.1449	1.977431441
1.548801795	1.8038	1.598404753
1.173549542	1.444	1.248327966
0.923543496	1.1532	1.014069798
0.857511827	0.9985	0.949995211
0.985554857	1.011	1.065264977
1.269150048	1.1798	1.323643965
1.632436752	1.4555	1.653953491
1.980836213	1.7622	1.967734825
2.223546582	2.0163	2.180696747
2.296394135	2.1481	2.234216085
2.180013006	2.122	2.111963724
1.907207876	1.9466	1.846146758
1.555257532	1.6731	1.509884269
1.224236679	1.3795	1.196996982
1.008363224	1.149	0.995584462
0.970091529	1.0473	0.964055986
1.124603535	1.1072	1.116531809
1.437438732	1.321	1.42033919
1.83375901	1.6422	1.804555496
2.21608564	1.9959	2.176805326
2.487299858	2.2959	2.445113901
2.575081216	2.4667	2.540904604
2.452158724	2.464	2.437781052
2.145667233	2.288	2.160076241
1.731006635	1.9831	1.777207319
1.31108668	1.6248	1.384711558
0.987816394	1.2986	1.078043243
0.835410365	1.0775	0.927670485
0.883109219	1.006	0.96248913
1.110260823	1.091	1.164636531
1.452813523	1.3014	1.47524071
1.818851547	1.5757	1.809001664
2.11068262	1.8362	2.075004086
2.249941668	2.0094	2.200129533
2.199777825	2.0474	2.149532224
1.976666538	1.9419	1.937579239
1.6464494	1.7269	1.624553064
1.305018566	1.4677	1.299401045
1.050457743	1.2409	1.05434734
0.956362301	1.1133	0.959921683
1.053994288	1.1258	1.047540447
1.326134506	1.2847	1.302843136
1.711715737	1.5605	1.669527385
2.119325478	1.8933	2.062034637
2.447952995	2.2055	2.385183412
2.612252893	2.4206	2.557760939
2.566549879	2.484	2.534698953
2.31941666	2.3794	2.320708044
1.932255622	2.1337	1.969690504
1.50140863	1.8085	1.569329232
1.130469932	1.4809	1.216308372
0.902972775	1.2229	0.990887336
0.863525932	1.0852	0.938284568
1.010219247	1.0875	1.060202861
1.297064573	1.2167	1.316215445
1.644604616	1.4296	1.633564896
1.957886707	1.6623	1.92417826
2.150346505	1.8462	2.106916399
2.168645819	1.9274	2.130355872
2.009950832	1.8838	1.988765305
1.723728514	1.7323	1.724549158
1.396181465	1.523	1.415342549
1.123488752	1.3218	1.150579434
0.984533793	1.1907	1.00641143
1.021958357	1.1724	1.026922932
1.234498105	1.2813	1.21517034
1.578765195	1.5024	1.533510519
1.978059498	1.7931	1.911541282
2.33780626	2.0907	2.260862047
2.567569296	2.3259	2.495766888
2.606099006	2.4408	2.556262737
2.441119397	2.4065	2.426280431
2.114645027	2.2327	2.139387091
1.710094762	1.9645	1.768682832
1.32633802	1.6666	1.404700814
1.049752291	1.4046	1.130227551
0.934273219	1.2285	1.000691817
0.993004855	1.1645	1.034140088
1.19903738	1.2125	1.210058866
1.492087921	1.3476	1.47486573
1.79045163	1.5247	1.753355674
2.009552604	1.6877	1.966299096
2.085523883	1.7852	2.05210728
1.996524602	1.7866	1.986241888
1.77170102	1.6941	1.790056495
1.481932931	1.5413	1.524113433
1.215814511	1.3808	1.268349125
1.051907283	1.2662	1.097706344
1.038512073	1.2363	1.062605719
1.18559969	1.3082	1.179015116
1.466253871	1.4757	1.427275143
1.822907458	1.7115	1.756711966
2.177010738	1.9709	2.094868617
2.444277845	2.1989	2.362284947
2.556125007	2.3425	2.492412537
2.481764301	2.3665	2.451691569
2.240622002	2.2662	2.251345953
1.897095219	2.0693	1.944341459
1.538807601	1.8255	1.608038573
1.24875088	1.5899	1.32042499
1.083782319	1.407	1.139956893
1.06573398	1.3029	1.094844884
1.182773652	1.2842	1.181219414
1.394992284	1.3401	1.366435018
1.641437412	1.4446	1.595507411
1.850984056	1.5599	1.801946317
1.959842449	1.6452	1.924273532
1.93265325	1.6693	1.925159098
1.777510129	1.6234	1.805293742
1.545145145	1.5258	1.604149036
1.310691352	1.4141	1.386035088
1.146953985	1.3308	1.218043069
1.102465789	1.3077	1.150222019
1.192483624	1.3593	1.205033336
1.401447235	1.4825	1.376141935
1.689758538	1.6603	1.632112382
2.00013183	1.8651	1.921748292
2.265257871	2.0599	2.182022421
2.421305281	2.2046	2.351255001
2.427099913	2.266	2.386666141
2.280925661	2.2299	2.279663835
2.02405516	2.1082	2.060228457
1.726502584	1.934	1.786603726
1.46169122	1.7492	1.525057056
1.283497132	1.5891	1.32993381
1.215861759	1.475	1.232316664
1.255116843	1.4139	1.23845743
1.37737252	1.4028	1.333266083
1.5441108	1.4312	1.484242521
1.706306618	1.4813	1.645955842
1.812677744	1.529	1.768665746
1.824966818	1.5509	1.812557721
1.734752309	1.534	1.762909443
1.570732642	1.4839	1.637492003
1.38923466	1.423	1.480396911
1.251704088	1.3806	1.344765807
1.201932633	1.3794	1.273882012
1.25497172	1.4278	1.28995583
1.400007949	1.521	1.393166699
1.609722824	1.6467	1.566373285
1.84721533	1.7894	1.779503842
2.068599451	1.9308	1.992298921
2.226959806	2.0487	2.159216392
2.28331173	2.12	2.240085373
2.22227896	2.129	2.214263381
2.062338697	2.0757	2.090333506
1.851183732	1.977	1.903944739
1.646599333	1.8592	1.703733
1.49397654	1.7462	1.533385816
1.413654415	1.6511	1.419831761
1.402888264	1.5763	1.3717593
1.446040884	1.5202	1.384607787
1.522530523	1.4818	1.445017424
1.608040593	1.4604	1.531696627
1.673806017	1.4521	1.616074047
1.691794369	1.4481	1.668055286
1.647142417	1.4393	1.667411748
1.549746672	1.4239	1.61442258
1.434256644	1.4107	1.531472043
1.345423388	1.4144	1.452983916
1.317372339	1.4466	1.409727173
1.360369601	1.5076	1.417490851
1.462366782	1.5874	1.475895747
1.600726922	1.673	1.574662573
1.752779712	1.7556	1.699695866
1.897902967	1.8318	1.834034175
2.014053209	1.8988	1.955834316
2.077748758	1.9503	2.039730465
2.072449215	1.9778	2.064826335
2.000209858	1.9759	2.025208007
1.885661573	1.9481	1.934602642
1.766136409	1.9048	1.820283535
1.673265637	1.8558	1.709785592
1.619025658	1.8037	1.619782317
1.595711599	1.7434	1.554241841
1.587711728	1.6693	1.510803512
1.583810146	1.5832	1.487759819
1.580210126	1.4962	1.48498125
1.574621642	1.4229	1.499261666
1.560561588	1.3737	1.520719359
1.530018	1.3512	1.535998085
1.483058906	1.3537	1.536965131
1.434484609	1.3801	1.527377589
1.408920145	1.4312	1.520881695
1.426036825	1.5053	1.531192173
1.487224598	1.5926	1.562413483
1.574682505	1.6759	1.607443698
1.663537423	1.7378	1.655157426
1.73667961	1.7703	1.699331424
1.79051766	1.7793	1.741234126
1.828917136	1.7792	1.784260643
1.85343356	1.7836	1.826675297
1.860356425	1.7985	1.860088243
1.847106175	1.8222	1.875370023
1.820267144	1.8503	1.870159354
1.79523312	1.8788	1.850353182
1.785527685	1.9024	1.82377151
1.790568613	1.911	1.79197904
1.793446314	1.8895	1.748425127
1.772068866	1.8248	1.685354218
1.71521033	1.7158	1.603634326
1.630567102	1.5788	1.516609448
1.539006164	1.4422	1.444236846
1.461139787	1.3359	1.402324801
1.408106206	1.2799	1.395677139
1.382968355	1.2806	1.419811725
1.388172975	1.3337	1.467813828
1.428844126	1.4285	1.53463596
1.506764299	1.5496	1.614713152
1.610580791	1.6752	1.696438539
1.713339276	1.7787	1.761124285
1.782998411	1.8354	1.790315336
1.799862495	1.834	1.77712304
1.767852282	1.7835	1.732445731
1.710983389	1.7103	1.680337131
1.658428292	1.6472	1.64548766
1.630187776	1.6194	1.641919407
1.633074202	1.6372	1.670117259
1.66618906	1.6964	1.721998855
1.726689091	1.7835	1.786865187
1.808268324	1.8787	1.852484122
1.894364406	1.9578	1.902258552
1.955725892	1.9935	1.914907628
1.959616977	1.9628	1.871488996
1.887311523	1.8575	1.767170346
1.74760913	1.6925	1.619060507
1.5756181	1.5041	1.462814561
1.417092524	1.338	1.338864364
1.309408145	1.2337	1.276886946
1.271331705	1.2123	1.287701998
1.304727664	1.2743	1.365020559
1.401144083	1.4033	1.491843103
1.544334177	1.5718	1.64471899
1.707280392	1.7449	1.794314013
1.851023418	1.8841	1.906919329
1.933249639	1.9556	1.952018777
1.925878477	1.9409	1.914947421
1.830950842	1.8468	1.806875029
1.682753062	1.7059	1.663788554
1.53334311	1.5655	1.533122053
1.430641756	1.471	1.455418845
1.40258559	1.4505	1.451385754
1.45419274	1.509	1.519615161
1.573460795	1.6309	1.642051543
1.736954691	1.7861	1.790349907
1.910701938	1.9361	1.929469188
2.050819448	2.0401	2.021008432
2.111540082	2.063	2.031057984
2.062069875	1.9864	1.942967097
1.903708473	1.8189	1.768581637
1.674826108	1.5975	1.549242601
1.438146948	1.3785	1.343234697
1.256968805	1.2186	1.20537536
1.174054062	1.1574	1.169476907
1.203163489	1.2076	1.241403662
1.332619948	1.3548	1.402445488
1.532706923	1.5642	1.616924193
1.760367335	1.7885	1.838857689
1.962541003	1.9765	2.01793611
2.0845958	2.0824	2.108594381
2.086754579	2.0778	2.08344147
1.96224925	1.9628	1.946011402
1.745290792	1.7698	1.734280092
1.501202546	1.5549	1.510042122
1.302507354	1.3803	1.337862523
1.203889389	1.2944	1.263928576
1.228231294	1.3185	1.304336728
1.366642973	1.4435	1.445250208
1.586193456	1.6358	1.650332028
1.837665144	1.8464	1.869518806
2.061783175	2.0209	2.047330202
2.198483631	2.1101	2.133086478
2.202780045	2.0832	2.094626913
2.063139554	1.9383	1.931848422
1.811650943	1.7077	1.682148583
1.517048804	1.451	1.411814015
1.261646858	1.2376	1.195116591
1.113501085	1.1251	1.09044096
1.107233572	1.1433	1.12407218
1.239649797	1.2874	1.286579702
1.476425047	1.5228	1.53917212
1.762072741	1.7943	1.82407892
2.029272707	2.0382	2.075469255
2.209823783	2.1952	2.231594969
2.250578901	2.2245	2.249490254
2.132001634	2.1155	2.119582578
1.880194643	1.8948	1.873177322
1.562974177	1.6205	1.576307793
1.268681012	1.3662	1.309955284
1.07695164	1.1987	1.144552813
1.035118526	1.1588	1.119769383
1.148966498	1.252	1.236583472
1.386987904	1.45	1.461237993
1.691201469	1.6994	1.73584416
1.989018195	1.9352	1.991056945
2.206093153	2.0947	2.159857919
2.282631608	2.1322	2.193088525
2.19191052	2.0324	2.074746077
1.953531531	1.8179	1.830975142
1.63219375	1.5451	1.526178157
1.318913308	1.2895	1.244867547
1.101671942	1.1231	1.06560536
1.038565358	1.0935	1.037766737
1.143955019	1.2118	1.169619641
1.389545623	1.4512	1.42947653
1.715008368	1.7557	1.755903715
2.041893004	2.0532	2.071934363
2.28870847	2.2716	2.300866014
2.388264811	2.3555	2.383268984
2.3064556	2.2804	2.293396479
2.056443977	2.0621	2.049747811
1.699720122	1.7542	1.713441021
1.329857327	1.4347	1.372044682
1.043872271	1.1837	1.11369649
0.913093808	1.0612	1.001536288
0.96498127	1.0916	1.057827461
1.180222084	1.2595	1.261446169
1.501713444	1.5164	1.556284555
1.849290775	1.7928	1.865685843
2.136587929	2.0151	2.109480171
2.289599135	2.1229	2.222180464
2.265936597	2.0853	2.170341601
2.069786557	1.9106	1.96441423
1.75491735	1.6467	1.659142108
1.411074334	1.3681	1.339580273
1.136969785	1.1551	1.096252647
1.010316302	1.0707	0.998505381
1.066501734	1.1436	1.075725498
1.292014069	1.3617	1.311575931
1.631249139	1.676	1.650388439
2.001327675	2.0132	2.011461904
2.310470055	2.2924	2.307287695
2.478091504	2.444	2.463283533
2.454970899	2.4274	2.436550889
2.239006167	2.2431	2.229216533
1.879724146	1.9345	1.890752685
1.466836699	1.5765	1.506065685
1.104865099	1.2559	1.171863769
0.882864592	1.0474	0.969355999
0.850474032	0.9943	0.942840711
1.007521411	1.0999	1.090348107
1.307645127	1.3282	1.366963272
1.671766141	1.6141	1.69755922
2.006846132	1.8795	1.994962961
2.22710506	2.0522	2.180496547
2.275248507	2.0851	2.203861542
2.139246105	1.9696	2.057878066
1.858363739	1.7396	1.782664183
1.513901943	1.4622	1.4559034
1.205942191	1.2193	1.170988393
1.023938931	1.0838	1.010179879
1.021686044	1.1001	1.021942522
1.204338183	1.2737	1.209131373
1.529279171	1.5698	1.529783842
1.917950003	1.9221	1.908276665
2.274492285	2.2481	2.25324419
2.507907725	2.4682	2.478922072
2.554554355	2.526	2.52640182
2.396183024	2.4039	2.380027851
2.067349946	2.1293	2.073457737
1.647789269	1.7678	1.681871632
1.240699027	1.405	1.301622714
0.9439864	1.1236	1.023779515
0.824322552	0.9825	0.910288333
0.901709802	1.004	0.979619519
1.147173842	1.1703	1.204437664
1.491836131	1.4293	1.520024371
1.844032209	1.7071	1.840532928
2.111319262	1.9265	2.079929806
2.223832832	2.0268	2.173929953
2.153749039	1.9816	2.097859792
1.924430528	1.8068	1.874687296
1.604718912	1.5566	1.569397243
1.289105388	1.3072	1.27058194
1.070380647	1.1348	1.065199132
1.014100846	1.0949	1.014838479
1.142317305	1.2091	1.140302394
1.429423759	1.4603	1.417392443
1.809067471	1.7969	1.783272816
2.189618465	2.1433	2.151179099
2.475623142	2.4178	2.430818744
2.591810652	2.5521	2.550921958
2.50407473	2.5106	2.478679524
2.230467078	2.3012	2.229860783
1.837180492	1.9735	1.865253854
1.419961597	1.6049	1.473823359
1.077408258	1.2784	1.148209327
0.885354168	1.0621	0.960735929
0.879613661	0.9939	0.946698244
1.049855466	1.0755	1.09793702
1.343788835	1.2734	1.366420366
1.679826776	1.5271	1.676211123
1.966561391	1.7633	1.941917631
2.126314396	1.9147	2.090684465
2.117256342	1.9393	2.082594243
1.946537209	1.8336	1.922851737
1.668541086	1.6339	1.660640342
1.368096297	1.4044	1.374364978
1.134987146	1.2176	1.148572065
1.039142148	1.1337	1.050693421
1.113798098	1.186	1.114418141
1.349112586	1.3741	1.332625945
1.695090035	1.6647	1.659534858
2.072160722	1.9977	2.020691758
2.388608175	2.2986	2.329608093
2.563222951	2.4952	2.508980971
2.548264629	2.5378	2.511876708
2.344761246	2.4141	2.335983341
2.00312313	2.1535	2.024921139
1.60787483	1.8181	1.655374045
1.25260169	1.4839	1.314890707
1.014947077	1.2205	1.078643447
0.939435168	1.0753	0.99225716
1.03046903	1.066	1.063665197
1.253761506	1.1791	1.263383871
1.544218153	1.3738	1.531761959
1.820107202	1.5904	1.792584898
2.003326778	1.7644	1.97210701
2.042088979	1.8449	2.019885766
1.928113555	1.8107	1.924645799
1.700121707	1.6776	1.718282923
1.430936832	1.4929	1.465530412
1.20361471	1.3186	1.243394611
1.086900984	1.2125	1.118744727
1.118632168	1.2134	1.131664824
1.299595205	1.3332	1.287688131
1.595306897	1.5564	1.557870648
1.942788306	1.8426	1.884727677
2.262221966	2.1331	2.193561739
2.474668219	2.3625	2.409326727
2.52389896	2.475	2.476746743
2.395127915	2.4417	2.377494736
2.121447622	2.2703	2.13684785
1.773429615	2.0026	1.815895329
1.436101626	1.7008	1.492308175
1.183886173	1.4283	1.238013645
1.063331901	1.2345	1.102104573
1.086896783	1.1467	1.102640763
1.234677228	1.1682	1.226016448
1.459861147	1.2793	1.431150479
1.697240302	1.4408	1.657774561
1.877066907	1.6014	1.839877414
1.944453685	1.7112	1.923674853
