1.825
1.712
1.554
1.38
1.241
1.196
1.223
1.362
1.648
1.83
2.118
2.252
2.325
2.305
2.137
1.886
1.662
1.465
1.326
1.266
1.306
1.371
1.511
1.63
1.725
1.654
1.554
1.422
1.295
1.245
1.297
1.4
1.546
1.738
1.933
2.099
2.211
2.234
2.144
1.99
1.836
1.661
1.508
1.454
1.413
1.405
1.437
1.479
1.517
1.566
1.498
1.406
1.368
1.312
1.345
1.435
1.526
1.701
1.818
1.923
2.034
2.086
2.075
2.024
1.936
1.841
1.735
1.661
1.592
1.519
1.453
1.41
1.394
1.371
1.398
1.359
1.362
1.377
1.398
1.458
1.542
1.614
1.726
1.772
1.839
1.891
1.91
1.934
1.954
1.952
1.92
1.876
1.787
1.653
1.523
1.424
1.304
1.258
1.235
1.311
1.357
1.436
1.529
1.594
1.652
1.692
1.677
1.667
1.674
1.692
1.721
1.778
1.846
1.945
2.021
2.031
2.014
1.883
1.687
1.499
1.341
1.2
1.134
1.184
1.283
1.442
1.603
1.735
1.797
1.815
1.732
1.63
1.543
1.521
1.525
1.583
1.706
1.868
2.016
2.157
2.196
2.108
1.917
1.651
1.365
1.173
1.058
1.067
1.195
1.427
1.64
1.867
1.991
1.994
1.916
1.72
1.523
1.387
1.338
1.381
1.503
1.698
1.923
2.138
2.256
2.248
2.103
1.822
1.517
1.249
1.076
1.023
1.091
1.302
1.648
1.92
2.119
2.195
2.123
1.931
1.668
1.408
1.246
1.196
1.3
1.518
1.762
2.029
2.236
2.311
2.209
1.97
1.647
1.323
1.087
0.996
1.043
1.228
1.573
1.911
2.161
2.308
2.28
2.095
1.833
1.516
1.223
1.097
1.085
1.261
1.541
1.835
2.122
2.268
2.253
2.073
1.791
1.464
1.163
1.017
1.001
1.163
1.458
1.81
2.132
2.359
2.421
2.274
2.031
1.668
1.323
1.086
0.99
1.081
1.293
1.627
1.903
2.103
2.187
2.062
1.858
1.581
1.276
1.052
1.008
1.091
1.357
1.724
2.07
2.349
2.472
2.413
2.172
1.847
1.503
1.174
1.005
0.977
1.148
1.427
1.752
1.954
2.096
2.091
1.929
1.677
1.395
1.162
1.052
1.089
1.294
1.604
2.004
2.288
2.455
2.479
2.333
2.045
1.692
1.39
1.115
1.018
1.075
1.274
1.546
1.825
1.97
2.024
1.946
1.717
1.494
1.25
1.093
1.109
1.262
1.588
1.892
2.18
2.396
2.446
2.35
2.102
1.851
1.484
1.267
1.098
1.068
1.169
1.37
1.663
1.83
1.899
1.871
1.747
1.533
1.319
1.205
1.141
1.24
1.454
1.755
2.003
2.267
2.38
2.35
2.238
1.993
1.708
1.442
1.29
1.194
1.195
1.301
1.484
1.667
1.771
1.766
1.696
1.536
1.387
1.244
1.225
1.275
1.411
1.736
1.977
2.149
2.277
2.287
2.225
2.038
1.806
1.586
1.415
1.328
1.29
1.309
1.396
1.529
1.662
1.694
1.672
1.595
1.449
1.364
1.313
1.367
1.437
1.632
1.864
2.019
2.152
2.2
2.159
2.057
1.888
1.706
1.565
1.47
1.418
1.377
1.4
1.457
1.516
1.599
1.582
1.543
1.485
1.415
1.383
1.424
1.506
1.609
1.799
1.938
2.04
2.093
2.08
2.017
1.924
1.802
1.71
1.638
1.561
1.51
1.471
1.453
1.444
1.478
1.526
1.484
1.464
1.468
1.465
1.487
1.561
1.65
1.745
1.834
1.894
1.945
1.938
1.918
1.891
1.834
1.801
1.755
1.699
1.638
1.566
1.476
1.414
1.381
1.395
1.424
1.449
1.502
1.523
1.6
1.658
1.69
1.735
1.756
1.757
1.794
1.8
1.8
1.817
1.844
1.858
1.865
1.857
1.802
1.672
1.55
1.412
1.313
1.268
1.307
1.399
1.469
1.617
1.702
1.781
1.808
1.789
1.747
1.699
1.647
1.638
1.657
1.727
1.781
1.877
1.956
1.981
1.932
1.836
1.66
1.467
1.302
1.2
1.171
1.264
1.431
1.591
1.781
1.902
1.956
1.904
1.805
1.701
1.56
1.493
1.502
1.548
1.669
1.818
1.965
2.058
2.091
1.994
1.816
1.586
1.354
1.182
1.119
1.153
1.32
1.552
1.813
2.003
2.098
2.071
1.945
1.761
1.55
1.387
1.324
1.359
1.506
1.674
1.889
2.063
2.152
2.133
1.971
1.729
1.464
1.21
1.084
1.1
1.237
1.547
1.82
2.054
2.221
2.229
2.108
1.881
1.613
1.363
1.208
1.185
1.326
1.532
1.763
1.998
2.155
2.181
2.08
1.849
1.565
1.295
1.097
1.057
1.143
1.49
1.773
2.066
2.288
2.377
2.316
2.087
1.774
1.461
1.196
1.087
1.13
1.359
1.593
1.841
2.05
2.181
2.145
1.959
1.692
1.39
1.16
1.076
1.126
1.438
1.74
2.066
2.325
2.495
2.487
2.307
1.961
1.594
1.277
1.059
0.995
1.104
1.35
1.632
1.901
2.104
2.147
2.012
1.769
1.484
1.234
1.109
1.104
1.322
1.623
1.947
2.274
2.485
2.584
2.446
2.152
1.758
1.405
1.113
0.956
0.981
1.185
1.479
1.733
1.934
2.04
1.979
1.802
1.579
1.312
1.158
1.134
1.335
1.535
1.817
2.12
2.431
2.578
2.563
2.342
1.971
1.588
1.269
1.018
0.944
1.029
1.316
1.522
1.745
1.892
1.936
1.82
1.626
1.402
1.249
1.162
1.279
1.436
1.675
1.983
2.322
2.505
2.584
2.469
2.166
1.808
1.494
1.196
1.037
1.035
1.154
1.334
1.586
1.764
1.84
1.797
1.672
1.477
1.327
1.24
1.362
1.433
1.609
1.829
2.121
2.396
2.526
2.498
2.342
2.066
1.753
1.455
1.242
1.167
1.176
1.342
1.495
1.683
1.735
